1950 16311 9820 6491 19.6 24.1 15.3 35.1 20.7
1951 15415 9035 6380 18.2 21.8 14.8 30.8 19.5
1952 15776 9171 6605 18.4 21.8 15.1 29.8 19.5
1953 17731 10450 7281 20.4 24.4 16.4 31.9 20.5
1954 20635 12641 7994 23.4 29.1 17.8 36.2 21.4
1955 22477 13836 8641 25.2 31.5 19.0 38.5 22.4
1956 22107 13222 8885 24.5 29.8 19.4 36.8 22.8
1957 22136 13276 8860 24.3 29.7 19.1 35.9 22.2
1958 23641 13895 9746 25.7 30.7 20.8 36.7 23.5
1959 21090 12179 8911 22.7 26.6 18.9 32.4 21.6
1960 20143 11506 8637 21.6 25.1 18.2 30.0 20.6
1961 18446 10333 8113 19.6 22.3 16.9 27.1 19.2
1962 16724 9541 7183 17.6 20.4 14.8 25.1 17.0
1963 15490 8923 6567 16.1 18.9 13.4 23.4 15.5
1964 14707 8336 6371 15.1 17.5 12.9 21.8 15.1
1965 14444 8330 6114 14.7 17.3 12.2 21.8 14.1
1966 15050 8450 6600 15.2 17.4 13.1 21.5 15.1
1967 14121 7940 6181 14.2 16.2 12.2 19.9 13.9
1968 14601 8174 6427 14.5 16.5 12.5 19.9 14.3
1969 14844 8241 6603 14.5 16.4 12.7 19.7 14.3
1970 15728 8761 6967 15.3 17.3 13.3 20.6 14.7
1971 16239 9157 7082 15.6 17.9 13.3 20.8 14.6
1972 18015 10231 7784 17.0 19.7 14.4 22.8 15.8
1973 18859 10730 8129 17.4 20.2 14.8 23.3 16.1
1974 19105 10723 8382 17.5 20.0 15.0 22.8 16.3
1975 19975 11744 8231 18.0 21.5 14.6 24.1 15.6
1976 19786 11744 8042 17.6 21.2 14.1 23.6 15.1
1977 20269 12299 7970 17.9 22.0 13.8 24.4 14.6
1978 20199 12409 7790 17.6 22.0 13.4 24.2 14.0
1979 20823 12851 7972 18.0 22.6 13.6 24.7 14.0
1980 20542 12769 7773 17.7 22.3 13.1 24.3 13.5
1981 20096 12708 7388 17.1 22.0 12.4 23.7 12.5
1982 20668 13203 7465 17.5 22.7 12.5 24.2 12.4
1983 24985 16876 8109 21.0 28.9 13.4 30.4 13.2
1984 24344 16251 8093 20.4 27.6 13.3 28.9 12.9
1985 23383 15356 8027 19.4 26.0 13.1 26.9 12.5
1986 25667 16499 9168 21.2 27.8 14.9 28.4 14.0
1987 23831 15281 8550 19.6 25.6 13.8 25.9 12.7
1988 22795 14290 8505 18.7 23.8 13.7 23.8 12.3
1989 21125 12939 8186 17.3 21.5 13.1 21.3 11.6
1990 20088 12316 7772 16.4 20.4 12.4 20.0 10.8
1991 19875 12477 7398 16.1 20.6 11.8 19.9 10.1
1992 20893 13516 7377 16.9 22.3 11.7 21.1 9.9
1993 20516 13540 6976 16.6 22.3 11.1 20.8 9.2
1994 20923 14058 6865 16.9 23.1 10.9 21.3 9.0
1995 21420 14231 7189 17.2 23.4 11.3 21.3 9.3
1996 22138 14853 7285 17.8 24.3 11.5 22.0 9.3
1997 23494 15901 7593 18.8 26.0 11.9 23.2 9.6
1998 31755 22349 9406 25.4 36.5 14.7 32.1 11.8
1999 31413 22402 9011 25.0 36.5 14.1 32.0 11.3
2000 30251 21656 8595 24.1 35.2 13.4 30.7 10.7
2001 29375 21085 8290 23.3 34.2 12.9 29.7 10.3
2002 29949 21677 8272 23.8 35.2 12.8 30.5 10.2
2003 32109 23396 8713 25.5 38.0 13.5 33.2 10.9
2004 30247 21955 8292 24.0 35.6 12.8 31.1 10.4
2005 30553 22236 8317 24.2 36.1 12.9 31.6 10.7
2006 29921 21419 8502 23.7 34.8 13.2 30.3 10.9
2007 30827 22007 8820 24.4 35.8 13.7 30.9 11.2
2008 30229 21546 8683 24.0 35.1 13.5 30.5 11.3
2009 30707 22189 8518 24.4 36.2 13.2 31.5 11.1
2010 29554 21028 8526 23.4 34.2 13.2 29.8 10.9
